0.0
1.2231264114379883
1.2416067123413086
0.8816133737564087
1.3964406251907349
1.0757451057434082
1.0753589868545532
1.2911131381988525
1.5680408477783203
1.387668490409851
1.3176928758621216
1.4401044845581055
1.2837131023406982
1.1524593830108643
1.1154320240020752
1.7344188690185547
1.445819616317749
1.3926819562911987
1.2283029556274414
1.219851016998291
1.1998332738876343
1.3959027528762817
1.304724931716919
1.2976624965667725
1.3710447549819946
1.7847397327423096
1.4023423194885254
1.6035773754119873
1.4417760372161865
1.3815449476242065
1.2750242948532104
1.4703693389892578
1.6635288000106812
1.5367655754089355
1.5011999607086182
1.2997208833694458
1.6606566905975342
1.2487366199493408
1.4639151096343994
1.3383657932281494
1.5213675498962402
1.4958199262619019
1.5404900312423706
1.2964640855789185
1.6734142303466797
1.3034541606903076
1.495406985282898
1.349072813987732
1.2332960367202759
1.5424519777297974
1.5632438659667969
1.318390965461731
1.4690465927124023
1.4984185695648193
1.3616487979888916
1.396850824356079
1.389354944229126
1.4021283388137817
1.576928734779358
1.3549940586090088
1.387047529220581
1.2128417491912842
1.4184759855270386
1.1837843656539917
1.2244676351547241
1.3068289756774902
1.243635654449463
1.3544124364852905
1.4552712440490723
1.4117218255996704
1.4430714845657349
1.6955965757369995
1.6022576093673706
1.6370152235031128
1.4753804206848145
1.6632490158081055
1.461201548576355
1.3925683498382568
1.3870497941970825
1.3512969017028809
1.7944116592407227
1.6286729574203491
1.4336340427398682
1.459105372428894
1.6119089126586914
1.6030559539794922
1.3937941789627075
1.6323437690734863
1.5559825897216797
1.345589280128479
1.4040361642837524
1.5631494522094727
1.4181156158447266
1.4264639616012573
1.576006293296814
1.4050962924957275
1.3673655986785889
1.2162342071533203
1.336971402168274
1.263222575187683
1.2509011030197144
1.509661078453064
1.3168811798095703
1.4283629655838013
1.6313834190368652
1.492811918258667
1.3708043098449707
1.2720911502838135
1.5959643125534058
1.5019347667694092
1.5174721479415894
1.5870171785354614
1.3766708374023438
1.3788940906524658
1.514602541923523
1.52469003200531
1.4936637878417969
1.4790717363357544
1.4480358362197876
1.274721622467041
1.4736207723617554
1.1473945379257202
1.4991891384124756
1.4017643928527832
1.3471602201461792
1.2598696947097778
1.333972454071045
1.313849687576294
1.180591344833374
1.2553550004959106
1.518857479095459
1.2813096046447754
1.429165244102478
1.058090090751648
1.0772180557250977
1.5170819759368896
1.3969753980636597
1.3629730939865112
1.4472575187683105
1.5195082426071167
1.1860038042068481
1.340193510055542
1.3873435258865356
1.4754234552383423
1.21751868724823
1.3875088691711426
1.2127346992492676
1.4304803609848022
1.3553801774978638
1.3548681735992432
1.5042310953140259
1.2084922790527344
1.2227110862731934
1.4100123643875122
1.3527120351791382
1.2698572874069214
1.3224750757217407
1.4050995111465454
1.3139410018920898
1.5958722829818726
1.6154512166976929
1.45547616481781
1.48700749874115
1.7594536542892456
1.863179087638855
1.557983636856079
1.4868608713150024
1.8941935300827026
1.6630055904388428
1.6583986282348633
1.7058534622192383
1.555099606513977
1.4188307523727417
1.5397573709487915
1.5999982357025146
1.5316786766052246
1.4064909219741821
1.6831021308898926
1.4993456602096558
1.5463100671768188
1.3245700597763062
1.4880235195159912
1.3183265924453735
1.6809104681015015
1.341968297958374
1.3175355195999146
1.444388747215271
1.5111966133117676
1.500257968902588
1.529989242553711
1.3485137224197388
1.4291657209396362
1.4251946210861206
1.4201472997665405
1.4395418167114258
1.728370189666748
1.075939655303955
1.3216804265975952
1.5381020307540894
1.3607202768325806
1.4164249897003174
1.3442602157592773
1.2710779905319214
1.2696090936660767
1.3168835639953613
1.837049126625061
1.2681212425231934
1.4512399435043335
1.3005635738372803
1.4027955532073975
1.3353068828582764
1.463074803352356
1.3080387115478516
1.2783406972885132
1.288205623626709
1.2981362342834473
1.2393885850906372
1.4175255298614502
1.2466603517532349
1.2827242612838745
1.212684154510498
1.2805378437042236
1.130308985710144
1.3930699825286865
1.4463626146316528
1.4773309230804443
1.254425048828125
1.2524924278259277
1.3082661628723145
1.2946219444274902
1.3018914461135864
1.620440125465393
1.567426085472107
1.2714593410491943
1.3983876705169678
1.411772608757019
1.5014190673828125
1.5268957614898682
1.267163872718811
1.4193141460418701
1.2529836893081665
1.7090214490890503
1.4158583879470825
1.4041060209274292
1.5028526782989502
1.229844570159912
1.339126467704773
1.3849658966064453
1.3630778789520264
1.5524133443832397
1.0862740278244019
1.1536386013031006
1.397152304649353
1.6643251180648804
1.6334258317947388
1.3444517850875854
1.2221378087997437
1.3665941953659058
1.1924060583114624
1.2488155364990234
1.3387655019760132
1.5138174295425415
1.3490827083587646
1.4236798286437988
1.6393946409225464
1.2903321981430054
1.5054666996002197
1.6629244089126587
1.6503195762634277
1.24029541015625
1.3516391515731812
1.338603138923645
1.5623719692230225
1.4371150732040405
1.335734486579895
1.266593337059021
1.4600483179092407
1.4130038022994995
1.1741302013397217
1.3705945014953613
1.3827309608459473
1.6005338430404663
1.244022250175476
1.218151330947876
1.592169165611267
1.3413197994232178
1.406901240348816
1.3960044384002686
1.3141855001449585
1.5471456050872803
1.4347076416015625
1.309606671333313
1.2352886199951172
1.3472131490707397
1.1569712162017822
1.4876067638397217
1.4486628770828247
1.3777341842651367
1.5160646438598633
1.4407479763031006
1.4857982397079468
1.4884681701660156
1.4302911758422852
1.3019236326217651
1.6753283739089966
1.2249858379364014
1.4494316577911377
1.4611504077911377
1.5195850133895874
1.4319159984588623
1.4430475234985352
1.4258501529693604
1.3361570835113525
1.3449093103408813
1.547492265701294
1.4226645231246948
1.4298940896987915
1.541489839553833
1.2482386827468872
1.5561391115188599
1.470793604850769
1.6040594577789307
1.5349994897842407
1.091267466545105
1.5096625089645386
1.4144935607910156
1.3293147087097168
1.4316660165786743
1.4531800746917725
1.4820009469985962
1.3160048723220825
1.298433542251587
1.059178352355957
1.3098713159561157
1.404214859008789
1.4263885021209717
1.3156698942184448
1.273959755897522
1.5273115634918213
1.3669569492340088
1.42818284034729
1.445999026298523
1.496224045753479
1.5171363353729248
1.498724102973938
1.564685344696045
1.6944633722305298
1.4975776672363281
1.5019010305404663
1.1747394800186157
1.288501262664795
1.4115428924560547
1.4640729427337646
1.469942569732666
1.479375958442688
1.2461951971054077
1.511319637298584
1.3879607915878296
1.3192611932754517
1.465101718902588
1.283003330230713
1.3912168741226196
1.6722466945648193
1.568477749824524
1.4604299068450928
1.3559541702270508
1.2726207971572876
1.4360889196395874
1.5969420671463013
1.6646109819412231
1.314659595489502
1.6159638166427612
1.8766480684280396
1.365122675895691
1.3873106241226196
1.454598069190979
1.457865595817566
1.6650420427322388
1.3696905374526978
1.4630227088928223
1.4618747234344482
1.2879033088684082
1.3939284086227417
1.6333959102630615
1.5186201333999634
1.4489152431488037
1.4002705812454224
1.739221453666687
1.5577181577682495
1.7250944375991821
1.374932050704956
1.6655181646347046
1.1619607210159302
1.3016092777252197
1.4777408838272095
1.3072575330734253
1.229966163635254
1.3485028743743896
1.4610916376113892
1.5518567562103271
1.5592989921569824
1.4479504823684692
1.8635567426681519
1.6253397464752197
1.37608003616333
1.3277193307876587
1.5495421886444092
1.3119733333587646
1.3736741542816162
1.551424503326416
1.3067622184753418
1.28182053565979
1.3650281429290771
1.416544795036316
1.3943068981170654
1.4082802534103394
1.3406860828399658
1.2337331771850586
1.5053837299346924
1.194712519645691
1.298876166343689
1.3577935695648193
1.5031510591506958
1.1812701225280762
1.2791162729263306
1.429726243019104
1.2518529891967773
1.1667289733886719
1.2103874683380127
1.1270486116409302
1.3728454113006592
1.376733422279358
1.1488882303237915
1.3218543529510498
1.2828809022903442
1.2671384811401367
1.1724517345428467
1.4812127351760864
1.3773047924041748
1.2210688591003418
1.485274314880371
1.1638705730438232
1.1386126279830933
1.413712501525879
1.2825673818588257
1.4252859354019165
1.4054815769195557
1.460084080696106
1.4246259927749634
1.369301438331604
1.6068443059921265
1.3690751791000366
1.0987550020217896
1.3955684900283813
1.4488846063613892
1.3539425134658813
1.2471290826797485
1.5240687131881714
1.3209582567214966
1.422613263130188
1.4842501878738403
1.558987021446228
1.4214131832122803
1.4539666175842285
1.347822666168213
1.2235360145568848
1.3419549465179443
1.405362844467163
1.5644642114639282
1.776674747467041
1.3608026504516602
1.2331057786941528
1.3906806707382202
1.417160987854004
1.3293479681015015
1.2228131294250488
1.4367973804473877
1.4219971895217896
1.3047728538513184
1.7088100910186768
1.4628781080245972
1.5505342483520508
1.4233016967773438
1.3307582139968872
1.5292068719863892
1.8342188596725464
1.795802354812622
1.2668770551681519
1.4410791397094727
1.4525067806243896
1.3913516998291016
1.5505839586257935
1.1305149793624878
1.2805577516555786
1.2404266595840454
1.2307357788085938
1.629255771636963
1.5634773969650269
1.583767056465149
1.4436594247817993
1.7350683212280273
1.5939935445785522
1.5448299646377563
1.6443078517913818
1.2199937105178833
1.353241205215454
1.4747370481491089
1.3103694915771484
1.1926274299621582
1.338972806930542
1.1230157613754272
1.3579461574554443
1.1176104545593262
1.3216198682785034
1.5026413202285767
1.4472047090530396
1.3878724575042725
1.4040882587432861
1.3026907444000244
1.5741991996765137
1.3897035121917725
1.5172947645187378
1.4776594638824463
1.6474777460098267
1.5633527040481567
1.3633581399917603
1.4294342994689941
1.5884506702423096
1.613995909690857
1.5065864324569702
1.3829612731933594
1.3181432485580444
1.6109148263931274
1.172621250152588
1.1983200311660767
1.3131333589553833
1.3577128648757935
1.433642029762268
0.9999914765357971
1.4986275434494019
1.4935131072998047
1.5009868144989014
1.4414256811141968
1.3024770021438599
1.3279461860656738
1.2931013107299805
1.4445358514785767
1.6319340467453003
1.4705122709274292
1.6958725452423096
1.612242579460144
1.3641955852508545
1.4530718326568604
1.3498958349227905
1.4952514171600342
1.5595035552978516
1.403551697731018
1.4032536745071411
1.3741285800933838
1.4089854955673218
1.4561351537704468
1.3783869743347168
1.760028600692749
1.2787975072860718
1.6366580724716187
1.5918554067611694
1.6833420991897583
1.7052993774414063
1.5294708013534546
1.4687706232070923
1.535760521888733
1.491229772567749
1.2808947563171387
1.5283921957015991
1.4607540369033813
1.6578501462936401
1.3632913827896118
1.5304999351501465
1.3296762704849243
1.3663361072540283
1.6359360218048096
1.466594934463501
1.5250639915466309
1.3519095182418823
1.3019412755966187
1.3431553840637207
1.2712985277175903
1.7383639812469482
1.384616732597351
1.5415191650390625
1.6811069250106812
1.494763731956482
1.3081110715866089
1.5245006084442139
1.4420199394226074
1.5516643524169922
1.5474474430084229
1.6745235919952393
1.5232876539230347
1.584107518196106
1.3384767770767212
1.3248465061187744
1.2185895442962646
1.2465283870697021
1.639858365058899
1.5078755617141724
1.4919644594192505
1.2858033180236816
1.2711604833602905
1.3505299091339111
1.5869479179382324
1.2793434858322144
1.6297622919082642
1.3923496007919312
1.528445839881897
1.700007677078247
1.5995122194290161
1.5964457988739014
1.6115742921829224
1.52433180809021
1.4128059148788452
1.330344557762146
1.3405306339263916
1.2003871202468872
1.3998759984970093
1.19755220413208
1.465881109237671
0.9729914665222168
1.3292791843414307
1.2028676271438599
1.2003589868545532
1.4184385538101196
1.2570850849151611
1.246781587600708
1.0577870607376099
0.9908040761947632
1.3027499914169312
1.2425470352172852
1.3317277431488037
1.090450406074524
1.2471485137939453
1.373259425163269
1.3979501724243164
1.2003287076950073
1.3187633752822876
1.3418619632720947
1.3789570331573486
1.3646759986877441
1.348382592201233
1.408046841621399
1.3305552005767822
1.5892375707626343
1.5833660364151
1.6427892446517944
1.6329715251922607
1.529261589050293
1.652535319328308
1.6414252519607544
1.784295678138733
1.5862126350402832
1.6333916187286377
1.6106423139572144
1.7454700469970703
1.691389560699463
1.6250663995742798
1.8233938217163086
1.5438258647918701
1.7529898881912231
1.9537408351898193
1.5825527906417847
1.6030622720718384
1.1916476488113403
1.4480583667755127
1.4306632280349731
1.395655870437622
1.4792472124099731
1.4865188598632813
1.5203356742858887
1.6043610572814941
1.570418357849121
1.5960869789123535
1.4952553510665894
1.7197209596633911
1.535037875175476
1.489768385887146
1.5243066549301147
1.4914406538009644
1.5417041778564453
1.494826316833496
1.479686975479126
1.5013047456741333
1.3298733234405518
1.5906039476394653
1.4838732481002808
1.3865238428115845
1.715214490890503
1.546791434288025
1.7010644674301147
1.414570689201355
1.6326507329940796
1.622793197631836
1.5949198007583618
1.4481120109558105
1.5651681423187256
1.7614061832427979
1.6315950155258179
1.433906078338623
1.4975758790969849
1.445563554763794
1.348609447479248
1.290748953819275
1.4386112689971924
1.6046303510665894
1.5191749334335327
1.6356745958328247
1.4798144102096558
1.5003306865692139
1.4833999872207642
1.6110963821411133
1.4093337059020996
1.6119414567947388
1.5435348749160767
1.2708865404129028
1.5051831007003784
1.4117028713226318
1.47576904296875
1.5864688158035278
1.5982791185379028
1.4879729747772217
1.7867335081100464
1.615111231803894
1.7784675359725952
1.4066345691680908
1.4094077348709106
1.6588075160980225
1.7431539297103882
1.5767529010772705
1.3182876110076904
1.5520886182785034
1.7992043495178223
1.8487073183059692
1.6517679691314697
1.7554274797439575
1.4497332572937012
1.542195439338684
1.3688939809799194
1.671321988105774
1.4150238037109375
1.6466174125671387
1.3362066745758057
1.406255841255188
1.4666754007339478
1.3932499885559082
1.5767121315002441
1.4738316535949707
1.3597766160964966
1.617728352546692
1.3755239248275757
1.3533191680908203
1.3402081727981567
1.1452558040618896
1.4039613008499146
1.2343493700027466
1.399852991104126
1.5516338348388672
1.3440783023834229
1.3688790798187256
1.3522387742996216
1.4290965795516968
1.388648271560669
1.5116108655929565
1.3074573278427124
1.356610894203186
1.4392204284667969
1.5168912410736084
1.769449234008789
1.6455157995224
1.5983799695968628
1.417124629020691
1.2863343954086304
1.036450743675232
1.2506113052368164
1.1809018850326538
1.0302823781967163
1.2489562034606934
1.0118836164474487
1.3484690189361572
1.3997944593429565
0.9744601249694824
1.6566437482833862
1.3399862051010132
1.3619345426559448
1.5394026041030884
1.6373380422592163
1.346413254737854
1.3056018352508545
1.4748790264129639
1.325595498085022
1.7430436611175537
1.4466792345046997
1.5594042539596558
1.4831340312957764
1.565446138381958
1.3970098495483398
1.2650505304336548
1.551798701286316
1.5853420495986938
1.4592593908309937
1.5570335388183594
1.7564430236816406
1.5038647651672363
1.7383062839508057
1.5327661037445068
1.2094383239746094
1.3227219581604004
1.5262691974639893
1.3738493919372559
1.5251163244247437
1.5665873289108276
1.3982975482940674
1.6189674139022827
1.4782216548919678
1.3511700630187988
1.509484052658081
1.7019959688186646
1.2964062690734863
1.3243016004562378
1.5602316856384277
1.5012761354446411
1.543515682220459
1.5852406024932861
1.5329655408859253
1.5459858179092407
1.508995771408081
1.4988962411880493
1.4949619770050049
1.5835813283920288
1.4520469903945923
1.6130343675613403
1.6749768257141113
1.629105567932129
1.6607998609542847
1.5392038822174072
1.585749626159668
1.3185136318206787
1.6498826742172241
1.3644587993621826
1.4542943239212036
1.4417519569396973
1.2792917490005493
1.290650486946106
1.2365258932113647
1.2305163145065308
1.3202093839645386
1.3726998567581177
1.461568832397461
1.4183005094528198
1.5998622179031372
1.3172032833099365
1.5805292129516602
1.525560975074768
1.3609412908554077
1.5623807907104492
1.3573654890060425
1.4834940433502197
1.4391183853149414
1.5790374279022217
1.207430124282837
1.3523777723312378
1.493860125541687
1.4467145204544067
1.2668558359146118
1.388949990272522
1.2588480710983276
1.27094566822052
1.4104636907577515
1.3929775953292847
1.2812271118164063
1.4100275039672852
1.3277239799499512
1.2334380149841309
1.325789451599121
1.499284267425537
1.4364663362503052
1.3837604522705078
1.2744883298873901
1.4561964273452759
1.4073928594589233
1.4743331670761108
1.4648044109344482
1.4166107177734375
1.4810314178466797
1.4607433080673218
1.2927931547164917
1.4239832162857056
1.4026575088500977
1.490213394165039
1.3581122159957886
1.5864564180374146
1.4683290719985962
1.479482650756836
1.4026843309402466
1.5872716903686523
1.2784161567687988
1.5265458822250366
1.3653303384780884
1.488378882408142
1.4104037284851074
1.2769414186477661
1.2398090362548828
1.3545528650283813
1.5154063701629639
1.5746124982833862
1.5421924591064453
1.4023555517196655
1.6457642316818237
1.544315218925476
1.3946571350097656
1.5854747295379639
1.5547714233398438
1.426761269569397
1.4284865856170654
1.584844708442688
1.7609655857086182
1.6402113437652588
1.5918620824813843
1.7511142492294312
1.363377332687378
1.4613686800003052
1.3970717191696167
1.274786114692688
1.4240771532058716
1.4098403453826904
1.244183897972107
1.2363749742507935
1.409095287322998
1.342781901359558
1.2859716415405273
1.4028557538986206
1.2975151538848877
1.2870714664459229
1.3412740230560303
1.3592990636825562
1.5078879594802856
1.3923335075378418
1.5000604391098022
1.4275851249694824
1.4685002565383911
1.534407138824463
1.4925817251205444
1.2394160032272339
1.5452474355697632
1.6191534996032715
1.5212137699127197
1.3975253105163574
1.4669421911239624
1.4413516521453857
1.5640202760696411
1.6670031547546387
1.5728628635406494
1.4453809261322021
1.482595443725586
1.4189690351486206
1.5367294549942017
1.5245232582092285
1.5461430549621582
1.5133931636810303
1.5175349712371826
1.5177651643753052
1.6956247091293335
1.5983601808547974
1.7069684267044067
1.4994770288467407
1.3078523874282837
1.4395321607589722
1.463869333267212
1.4285444021224976
1.3696988821029663
1.5038775205612183
1.4637962579727173
1.3567825555801392
1.5547077655792236
1.1913527250289917
1.429189682006836
1.5454857349395752
1.413813591003418
1.6472573280334473
1.4430161714553833
1.424910306930542
1.3510278463363647
1.3748149871826172
1.3426493406295776
1.271714210510254
1.397621750831604
1.5345563888549805
1.536717414855957
1.4179723262786865
1.3274545669555664
1.2655729055404663
1.3784071207046509
1.3393362760543823
1.1610249280929565
1.280424952507019
1.4602969884872437
1.219070553779602
1.2352641820907593
1.3585816621780396
1.514432430267334
1.4658844470977783
1.3011846542358398
1.455687403678894
1.2263381481170654
1.5516237020492554
1.3073294162750244
1.3789033889770508
1.3438270092010498
1.553061604499817
1.710462212562561
1.674152135848999
2.123114585876465
1.9092053174972534
1.9379498958587646
1.9599637985229492
2.374721050262451
2.1591482162475586
1.834370732307434
2.0021719932556152
1.8917087316513062
1.2337942123413086
1.7816888093948364
2.026271104812622
1.8660037517547607
1.6629427671432495
1.664004921913147
1.680791974067688
1.8692489862442017
2.1431355476379395
2.1370928287506104
2.072101593017578
1.8024181127548218
1.960646152496338
1.8058754205703735
1.8037837743759155
1.9231088161468506
1.8107881546020508
1.781103491783142
1.8612687587738037
1.6153730154037476
1.7347790002822876
1.97979736328125
1.976973533630371
1.4265953302383423
1.698165774345398
1.747111439704895
1.9127064943313599
2.2578113079071045
1.8524829149246216
1.7402443885803223
1.6702498197555542
1.7894178628921509
1.7139283418655396
1.955594539642334
1.9336713552474976
2.045659065246582
2.350694417953491
2.328132152557373
2.6741600036621094
2.6035678386688232
2.448035478591919
1.68841552734375
2.12912654876709
2.0552244186401367
1.9480443000793457
2.2257845401763916
1.9706058502197266
1.6774669885635376
1.4082738161087036
1.3794596195220947
1.2054061889648438
1.1892073154449463
1.32361900806427
1.3553156852722168
1.261810541152954
1.2025986909866333
1.2968664169311523
1.3106755018234253
1.2253150939941406
1.2563388347625732
1.4182329177856445
1.0375720262527466
1.0938893556594849
1.1162253618240356
1.051173448562622
1.2007343769073486
1.45208740234375
1.539588451385498
1.3546403646469116
1.3432972431182861
1.2167433500289917
1.2481554746627808
1.4335144758224487
1.1400082111358643
1.341461420059204
1.338376760482788
1.336544394493103
1.4366281032562256
1.313400387763977
1.3521064519882202
1.3174370527267456
1.399377703666687
1.2853347063064575
1.2362233400344849
1.2851848602294922
1.2347580194473267
1.2248847484588623
1.3502674102783203
1.359082818031311
1.364515781402588
1.3785494565963745
1.261854887008667
1.510757565498352
1.3459137678146362
1.2831039428710938
1.090003490447998
1.4594573974609375
1.1250512599945068
1.455286979675293
1.2806479930877686
1.1941759586334229
1.2070564031600952
1.3174784183502197
1.6062768697738647
1.2486484050750732
1.538665771484375
1.3314651250839233
1.257289171218872
1.4814873933792114
1.1452852487564087
1.2087159156799316
1.1768648624420166
1.294592261314392
1.4179216623306274
1.2111237049102783
1.0913761854171753
1.1687469482421875
1.045357584953308
1.1704270839691162
1.3542277812957764
1.424948811531067
1.4546571969985962
1.5177377462387085
1.2180933952331543
1.3025623559951782
1.1181854009628296
1.2533313035964966
1.236943006515503
1.3430263996124268
1.4924976825714111
1.3951501846313477
1.3407641649246216
1.5143136978149414
1.1032730340957642
1.2708539962768555
1.4433132410049438
1.4079490900039673
1.4756801128387451
1.5517778396606445
1.3689970970153809
1.281986117362976
1.4569075107574463
1.3967642784118652
1.5183626413345337
1.3608471155166626
1.1661279201507568
1.2640280723571777
1.6424458026885986
1.6459643840789795
1.5447129011154175
1.6762627363204956
1.656764030456543
1.374449372291565
1.4395389556884766
1.617037057876587
1.511681079864502
1.5671086311340332
1.5691933631896973
1.38066828250885
1.508168339729309
1.4415786266326904
1.5726431608200073
1.4906829595565796
1.4530444145202637
1.3286477327346802
1.4503532648086548
1.4056941270828247
1.3166998624801636
1.3718352317810059
1.2325254678726196
1.3893152475357056
1.2756447792053223
1.3608601093292236
1.1985559463500977
1.4244825839996338
1.33729887008667
1.3673774003982544
1.326170802116394
1.2475311756134033
1.3737255334854126
1.313989281654358
1.4785810708999634
1.2378143072128296
1.4920531511306763
1.2934961318969727
1.4643645286560059
1.3829666376113892
1.6474013328552246
1.1828283071517944
1.2987929582595825
1.3488295078277588
1.4585753679275513
1.698923945426941
1.3425346612930298
1.558194875717163
1.4345927238464355
1.4842077493667603
1.4441863298416138
1.366959810256958
1.3356199264526367
1.2630281448364258
1.3188241720199585
1.437751054763794
1.4229475259780884
1.4726520776748657
1.366491675376892
1.517966389656067
1.3753184080123901
1.3238290548324585
1.4908255338668823
1.29197096824646
1.4476163387298584
1.309012770652771
1.4352947473526
1.5021672248840332
1.3300342559814453
1.3877754211425781
1.6476078033447266
1.5881695747375488
1.2874523401260376
1.7951977252960205
1.60930597782135
1.7131811380386353
1.5040205717086792
1.528915524482727
1.4870765209197998
1.6685093641281128
1.485132098197937
1.5613657236099243
1.7072196006774902
1.384007453918457
1.5297178030014038
1.323276400566101
1.3119243383407593
1.3450263738632202
1.454001545906067
1.5482302904129028
1.3394309282302856
1.5514339208602905
1.698287844657898
1.4698505401611328
1.4577219486236572
1.5836215019226074
1.4060485363006592
1.3504022359848022
1.3831011056900024
1.4046636819839478
1.297431468963623
1.5932551622390747
1.4821741580963135
1.4442261457443237
1.3759703636169434
1.4023933410644531
1.372929573059082
1.215660572052002
1.326900601387024
1.2266911268234253
1.1884360313415527
1.265891671180725
1.2591140270233154
1.4744828939437866
1.2724236249923706
1.6246298551559448
1.4209110736846924
1.587702989578247
1.4900486469268799
1.4609192609786987
1.6880855560302734
1.6910362243652344
1.5548681020736694
1.408253788948059
1.4448826313018799
1.5551022291183472
1.5978076457977295
1.4011788368225098
1.3320153951644897
1.3187488317489624
1.391167402267456
1.4238022565841675
1.5954171419143677
1.6310871839523315
1.6530660390853882
1.5016790628433228
1.6847621202468872
1.7383052110671997
1.6046603918075562
1.7740840911865234
1.7998031377792358
1.6489585638046265
1.649828553199768
1.357039451599121
1.4686203002929688
1.4886696338653564
1.6539926528930664
1.6646467447280884
1.6467472314834595
1.7779916524887085
2.1353237628936768
1.6471941471099854
2.0595176219940186
1.746142029762268
1.602362036705017
1.594710350036621
1.2244813442230225
1.3505643606185913
1.4474984407424927
1.670819640159607
1.4305301904678345
1.4681119918823242
1.6147351264953613
1.533197283744812
1.5762348175048828
1.3622666597366333
1.458346962928772
1.5443819761276245
1.4399631023406982
1.2778899669647217
1.3341611623764038
1.364105224609375
1.2053028345108032
1.3571373224258423
1.479078769683838
1.3313981294631958
1.261391282081604
1.1582739353179932
1.360984206199646
1.217115879058838
1.4386235475540161
1.3613762855529785
1.3065152168273926
1.3754390478134155
1.46869957447052
1.4361340999603271
1.489380121231079
1.3415858745574951
1.3298176527023315
1.384113073348999
1.1202188730239868
1.1874639987945557
1.5245568752288818
1.3389941453933716
1.4663527011871338
1.2246387004852295
1.402909755706787
1.2716519832611084
1.3229140043258667
1.3891944885253906
1.5350148677825928
1.4126328229904175
1.570344090461731
1.3775575160980225
1.392575740814209
1.221771001815796
1.3168976306915283
1.426251769065857
1.2690351009368896
1.2080656290054321
1.0761367082595825
1.2491586208343506
1.2834752798080444
1.313524842262268
1.2391144037246704
1.5598368644714355
1.3130154609680176
1.4505192041397095
1.4393295049667358
1.4195934534072876
1.6031804084777832
1.4098472595214844
1.227750539779663
1.3641257286071777
1.454238772392273
1.6330299377441406
1.609641432762146
1.6096007823944092
1.4915398359298706
1.5004945993423462
1.5592535734176636
1.6038364171981812
1.5657624006271362
1.4044307470321655
1.2157268524169922
1.4865614175796509
1.514514684677124
1.5242823362350464
1.4232021570205688
1.3579306602478027
1.452100157737732
1.5034079551696777
1.2417439222335815
1.4136308431625366
1.388297200202942
1.4796175956726074
1.6083911657333374
1.4531183242797852
1.4864345788955688
1.2898569107055664
1.351075291633606
1.530133605003357
1.4891936779022217
1.6311590671539307
1.4755022525787354
1.3516184091567993
1.652401089668274
1.3310447931289673
1.3574575185775757
1.3943005800247192
1.1979981660842896
1.199508786201477
1.2540820837020874
1.254564881324768
1.2243577241897583
1.3069530725479126
1.1190299987792969
1.3813602924346924
1.1473206281661987
1.4540199041366577
1.4455335140228271
1.59287428855896
1.3349541425704956
1.3733662366867065
1.234953761100769
1.193505048751831
1.292067289352417
1.2994146347045898
1.4383034706115723
1.406050682067871
1.3680541515350342
1.3936512470245361
1.4545016288757324
1.5530154705047607
1.4188345670700073
1.4209175109863281
1.380184531211853
1.2519423961639404
1.6053637266159058
1.3389207124710083
1.5062757730484009
1.2636113166809082
1.5365989208221436
1.4164535999298096
1.5690193176269531
1.2193427085876465
1.4301831722259521
1.5287444591522217
1.4003936052322388
1.3133739233016968
1.2556285858154297
1.3417713642120361
1.1893390417099
1.4101775884628296
1.1989315748214722
1.2275288105010986
1.2611148357391357
1.4231574535369873
1.223779559135437
1.275863766670227
1.492130160331726
1.350356101989746
1.3526973724365234
1.3808839321136475
1.2915120124816895
1.3632218837738037
1.2966365814208984
1.1127629280090332
1.2838724851608276
1.1144529581069946
1.329619288444519
1.426822543144226
1.2117748260498047
1.4073615074157715
1.336601972579956
1.2936798334121704
1.3910382986068726
1.4037116765975952
1.126319169998169
1.3554301261901855
1.3426928520202637
1.3425878286361694
1.431334137916565
1.2824273109436035
1.1748636960983276
1.4793223142623901
1.353386402130127
1.2175074815750122
1.3858400583267212
1.2336324453353882
1.2982064485549927
1.1843523979187012
1.3643476963043213
1.2700673341751099
1.2216882705688477
1.3109571933746338
1.3751009702682495
1.115533471107483
1.229151964187622
1.1308081150054932
1.3446038961410522
1.3950568437576294
1.4049152135849
1.485310673713684
1.264877438545227
1.5085188150405884
1.2821048498153687
1.408196210861206
1.391125202178955
1.3382253646850586
1.3644797801971436
1.4123626947402954
1.2838201522827148
1.4169700145721436
1.201912760734558
1.355369210243225
1.246166467666626
1.5311537981033325
1.4165778160095215
1.2800415754318237
1.4982370138168335
1.5205525159835815
1.4518866539001465
1.4407658576965332
1.5516741275787354
1.5561164617538452
1.477274775505066
1.4252251386642456
1.4435807466506958
1.29648756980896
1.3334548473358154
1.3881888389587402
1.3312039375305176
1.4704447984695435
1.4381465911865234
1.4753122329711914
1.5084315538406372
1.4402847290039063
1.4435980319976807
1.346980333328247
1.4092333316802979
1.29068922996521
1.3259193897247314
1.3796777725219727
1.374444603919983
1.1941914558410645
1.3180416822433472
1.3242979049682617
1.3110443353652954
1.2015001773834229
1.3138456344604492
1.5232610702514648
1.4469701051712036
1.0495072603225708
1.3928580284118652
1.3988432884216309
1.470735788345337
1.5169132947921753
1.4429618120193481
1.1264867782592773
1.4298466444015503
1.518886923789978
1.303497076034546
1.1791123151779175
1.413901925086975
1.3307029008865356
1.265716314315796
1.2142378091812134
1.2771821022033691
1.2302368879318237
1.36752450466156
1.2321267127990723
1.3704291582107544
1.3046801090240479
1.289703607559204
1.1851223707199097
1.634177565574646
1.356603980064392
1.2957626581192017
1.5143523216247559
1.6008561849594116
1.5800344944000244
1.3897507190704346
1.3676395416259766
1.5789912939071655
1.466060757637024
1.3556194305419922
1.3017995357513428
1.2898390293121338
1.412704348564148
1.4254249334335327
1.598115086555481
1.4361162185668945
1.55373215675354
1.621406078338623
1.6317594051361084
1.5400383472442627
1.453287959098816
1.441770315170288
1.4510544538497925
1.3260524272918701
1.5736403465270996
1.6254531145095825
1.6628868579864502
1.4786890745162964
1.4720852375030518
1.5532506704330444
1.9226224422454834
1.4156110286712646
1.4549018144607544
1.5016690492630005
1.711121916770935
1.3978126049041748
1.3762539625167847
1.3861594200134277
1.2579319477081299
1.366835355758667
1.4837905168533325
1.3506770133972168
1.1792715787887573
1.1039153337478638
1.4195337295532227
1.5271621942520142
1.6343733072280884
1.7693064212799072
1.4760088920593262
1.5829668045043945
1.4637171030044556
1.5714832544326782
1.4046227931976318
1.477186918258667
1.6669632196426392
1.625827670097351
1.7915024757385254
1.624993920326233
1.6530531644821167
1.3105988502502441
1.3491971492767334
1.5075008869171143
1.468157172203064
1.4904170036315918
1.4337180852890015
1.4625091552734375
1.5993866920471191
1.6268703937530518
1.5778084993362427
1.5154833793640137
1.432090163230896
1.601595401763916
1.590009093284607
1.5670279264450073
1.5399048328399658
1.7186909914016724
1.5721551179885864
1.8355344533920288
1.563501238822937
1.642566204071045
1.6727756261825562
1.5468143224716187
1.55263090133667
1.6505409479141235
1.62161123752594
1.696503758430481
1.7884267568588257
1.591783046722412
1.5380256175994873
1.6268420219421387
1.4894745349884033
1.576225757598877
1.466652750968933
1.6846680641174316
1.7336134910583496
1.4718797206878662
1.5654164552688599
1.6644753217697144
1.6542140245437622
1.7120455503463745
1.736931324005127
1.6853666305541992
1.784536600112915
1.46835196018219
1.63054621219635
1.533153772354126
1.8414157629013062
1.6763179302215576
1.6379374265670776
1.5627747774124146
1.7252204418182373
1.6029483079910278
2.08880877494812
1.7718207836151123
1.8671095371246338
1.5295803546905518
1.4623771905899048
1.625365972518921
1.6404895782470703
1.7048866748809814
1.724108099937439
1.6595474481582642
1.6829570531845093
1.483473300933838
1.752705454826355
1.657436490058899
1.8328771591186523
1.850663661956787
1.634106993675232
1.8319684267044067
1.7034406661987305
1.4343461990356445
1.9776805639266968
1.7605774402618408
1.5378782749176025
1.871098279953003
1.85560941696167
2.2568228244781494
1.6793502569198608
1.6810247898101807
2.1124629974365234
1.5797144174575806
1.6564879417419434
1.884537935256958
1.5594478845596313
1.4911330938339233
1.501793384552002
1.6421458721160889
1.769334077835083
1.4405049085617065
1.6136529445648193
1.9951772689819336
1.6411679983139038
1.6409434080123901
1.691306471824646
1.638860821723938
1.700615644454956
1.628543496131897
1.709236741065979
1.4739575386047363
1.6074944734573364
1.3934861421585083
1.4452638626098633
1.703467607498169
1.471791386604309
1.3455435037612915
1.390353798866272
1.4437973499298096
1.358722448348999
1.3903151750564575
1.4995694160461426
1.702889323234558
1.266263723373413
1.203838586807251
1.452925682067871
1.4053863286972046
1.275666356086731
1.356126070022583
1.3901631832122803
1.6332420110702515
1.7072601318359375
1.5537079572677612
1.4284404516220093
1.4623658657073975
1.4723402261734009
1.5377839803695679
1.4749616384506226
1.4986364841461182
1.546159267425537
1.425441861152649
1.812691569328308
1.5301276445388794
1.3597335815429688
1.269706130027771
1.4696980714797974
1.4790501594543457
1.1741583347320557
1.5056512355804443
1.3410428762435913
1.4840939044952393
1.2337785959243774
1.5895382165908813
1.4357185363769531
1.3530343770980835
1.252742052078247
1.418300747871399
1.4363927841186523
1.3717650175094604
1.1511549949645996
1.2133502960205078
1.437780737876892
1.2835538387298584
1.5216684341430664
1.351001262664795
1.3066622018814087
1.3812131881713867
1.393906831741333
1.4725873470306396
1.3295073509216309
1.3251973390579224
1.5735076665878296
1.549116849899292
1.3609813451766968
1.4983434677124023
1.324430227279663
1.3025470972061157
1.4065195322036743
1.2358673810958862
1.5565500259399414
1.4644826650619507
1.442253828048706
1.5353559255599976
1.6113770008087158
1.4232620000839233
1.7864972352981567
1.7425614595413208
1.5432881116867065
1.6293776035308838
1.9858285188674927
1.5905873775482178
1.3751718997955322
1.473557949066162
1.4333282709121704
1.3093241453170776
1.3818130493164063
1.3409574031829834
1.559226632118225
1.7234368324279785
1.522311806678772
1.3548396825790405
1.4408150911331177
1.5064362287521362
1.3065682649612427
1.4799307584762573
1.5871504545211792
1.3699607849121094
1.561099886894226
1.4354772567749023
1.2601572275161743
1.3677153587341309
1.2440354824066162
1.4152934551239014
1.3925385475158691
1.3961262702941895
1.2462201118469238
1.2266992330551147
1.3400782346725464
1.2856308221817017
1.6041228771209717
1.2499721050262451
1.393409013748169
1.5948148965835571
1.389717698097229
1.4415713548660278
1.4308497905731201
1.2467107772827148
1.1308767795562744
1.243235468864441
1.0527291297912598
1.2438547611236572
1.427193522453308
1.2770816087722778
1.1234920024871826
1.4134635925292969
1.212074637413025
1.3993327617645264
1.105592131614685
1.448162317276001
1.2178279161453247
1.4197410345077515
1.1156494617462158
1.1572928428649902
1.2047119140625
1.1956756114959717
1.1700044870376587
1.3010225296020508
1.173319935798645
1.22684645652771
1.0800824165344238
1.162132978439331
1.1915045976638794
1.3209964036941528
1.2514699697494507
1.305159568786621
1.2625726461410522
1.2207179069519043
1.422422170639038
1.4160387516021729
1.230276346206665
1.2823278903961182
1.0368863344192505
1.149693489074707
1.1718274354934692
1.3056176900863647
1.359389066696167
1.2448333501815796
1.439130187034607
1.4001368284225464
1.4293490648269653
1.546181321144104
1.4483424425125122
1.1693490743637085
1.4128419160842896
1.6047215461730957
1.5388972759246826
1.6004773378372192
1.3516770601272583
1.5810890197753906
1.4338515996932983
1.627550482749939
1.1930731534957886
1.3635258674621582
1.273740530014038
1.206735610961914
1.5337733030319214
1.1220341920852661
1.2185814380645752
1.3262830972671509
1.3222534656524658
0.9747679233551025
1.29610013961792
1.2344378232955933
1.4087932109832764
1.6085678339004517
1.4276914596557617
1.3243889808654785
1.2793514728546143
1.3560864925384521
1.3079535961151123
1.3241547346115112
1.2788550853729248
1.4121226072311401
1.1537946462631226
1.3341197967529297
1.4245524406433105
1.6723281145095825
1.5222569704055786
1.882441520690918
1.4002611637115479
1.467834711074829
1.2251451015472412
1.3475079536437988
1.365813136100769
1.5654133558273315
1.5604606866836548
1.4932003021240234
1.634565830230713
1.5859296321868896
1.4924954175949097
1.3442842960357666
1.396551251411438
1.472185730934143
1.3940761089324951
1.1863329410552979
1.3248538970947266
1.3567042350769043
1.4971345663070679
1.3864067792892456
1.2782148122787476
1.3588778972625732
1.3208154439926147
1.217722773551941
1.3338737487792969
1.0276880264282227
1.215250015258789
1.2217777967453003
1.2177822589874268
1.126696228981018
1.410409927368164
1.024505615234375
1.227216124534607
1.207956075668335
1.2611826658248901
1.4787297248840332
1.2457300424575806
1.15385103225708
1.2602096796035767
1.2437022924423218
1.176360845565796
